# Blender 3.4.1
# www.blender.org
mtllib ColanderHolesCollider.mtl
o Cube.014
v 0.049079 -0.155046 0.092291
v 0.049079 -0.157722 0.092291
v -0.047697 -0.155046 0.137704
v -0.047697 -0.157722 0.137704
v 0.049079 -0.155046 0.137704
v 0.049079 -0.157722 0.137704
v -0.047697 -0.155046 0.092291
v -0.047697 -0.157722 0.092291
vn 1.0000 -0.0000 -0.0000
vn -0.0000 -0.0000 -1.0000
vn -1.0000 -0.0000 -0.0000
vn -0.0000 1.0000 -0.0000
vn -0.0000 -1.0000 -0.0000
vn -0.0000 -0.0000 1.0000
vt 0.000000 0.000000
vt 0.000000 0.000000
vt 0.000000 0.000000
vt 0.000000 0.000000
vt 0.000000 0.000000
vt 0.000000 0.000000
vt 0.000000 0.000000
vt 0.000000 0.000000
s 0
usemtl Material.011
f 2/2/1 1/1/1 5/5/1 6/6/1
f 1/1/2 2/2/2 8/8/2 7/7/2
f 4/4/3 3/3/3 7/7/3 8/8/3
f 1/1/4 7/7/4 3/3/4 5/5/4
f 6/6/5 4/4/5 8/8/5 2/2/5
f 6/6/6 5/5/6 3/3/6 4/4/6
o Cube.018
v 0.053887 -0.152159 0.137424
v 0.055460 -0.154324 0.137424
v 0.132180 -0.095275 0.137424
v 0.133753 -0.097440 0.137424
v 0.053887 -0.152159 0.092012
v 0.055460 -0.154324 0.092012
v 0.132180 -0.095275 0.092012
v 0.133753 -0.097440 0.092012
vn -0.0000 -0.0000 1.0000
vn -0.0000 -0.0000 -1.0000
vn -0.5878 0.8090 -0.0000
vn -0.8090 -0.5878 -0.0000
vn 0.5878 -0.8090 -0.0000
vn 0.8090 0.5878 -0.0000
vt 0.000000 0.000000
vt 0.000000 0.000000
vt 0.000000 0.000000
vt 0.000000 0.000000
vt 0.000000 0.000000
vt 0.000000 0.000000
vt 0.000000 0.000000
vt 0.000000 0.000000
s 0
usemtl Material.011
f 10/10/7 12/12/7 11/11/7 9/9/7
f 13/13/8 15/15/8 16/16/8 14/14/8
f 9/9/9 11/11/9 15/15/9 13/13/9
f 14/14/10 10/10/10 9/9/10 13/13/10
f 10/10/11 14/14/11 16/16/11 12/12/11
f 12/12/12 16/16/12 15/15/12 11/11/12
o Cube.043
v -0.047697 0.157347 0.092291
v -0.047697 0.154670 0.092291
v -0.047697 0.157347 0.137704
v -0.047697 0.154670 0.137704
v 0.049079 0.157347 0.137704
v 0.049079 0.154670 0.137704
v 0.049079 0.157347 0.092291
v 0.049079 0.154670 0.092291
vn -0.0000 -0.0000 1.0000
vn -1.0000 -0.0000 -0.0000
vn -0.0000 -0.0000 -1.0000
vn -0.0000 -1.0000 -0.0000
vn -0.0000 1.0000 -0.0000
vn 1.0000 -0.0000 -0.0000
vt 0.000000 0.000000
vt 0.000000 0.000000
vt 0.000000 0.000000
vt 0.000000 0.000000
vt 0.000000 0.000000
vt 0.000000 0.000000
vt 0.000000 0.000000
vt 0.000000 0.000000
s 0
usemtl Material.011
f 19/19/13 20/20/13 22/22/13 21/21/13
f 18/18/14 20/20/14 19/19/14 17/17/14
f 17/17/15 23/23/15 24/24/15 18/18/15
f 22/22/16 20/20/16 18/18/16 24/24/16
f 19/19/17 21/21/17 23/23/17 17/17/17
f 22/22/18 24/24/18 23/23/18 21/21/18
o Cube.063
v -0.131128 0.099290 0.137434
v -0.129555 0.097125 0.137434
v -0.052835 0.156174 0.137434
v -0.051262 0.154008 0.137434
v -0.131128 0.099290 0.092021
v -0.129555 0.097125 0.092021
v -0.052835 0.156174 0.092021
v -0.051262 0.154008 0.092021
vn -0.0000 -0.0000 1.0000
vn 0.8090 0.5878 -0.0000
vn -0.0000 -0.0000 -1.0000
vn 0.5878 -0.8090 -0.0000
vn -0.5878 0.8090 -0.0000
vn -0.8090 -0.5878 -0.0000
vt 0.000000 0.000000
vt 0.000000 0.000000
vt 0.000000 0.000000
vt 0.000000 0.000000
vt 0.000000 0.000000
vt 0.000000 0.000000
vt 0.000000 0.000000
vt 0.000000 0.000000
s 0
usemtl Material.011
f 27/27/19 25/25/19 26/26/19 28/28/19
f 27/27/20 28/28/20 32/32/20 31/31/20
f 30/30/21 29/29/21 31/31/21 32/32/21
f 26/26/22 30/30/22 32/32/22 28/28/22
f 27/27/23 31/31/23 29/29/23 25/25/23
f 30/30/24 26/26/24 25/25/24 29/29/24
o Cube.079
v 0.163117 -0.000070 0.137232
v 0.165663 -0.000897 0.137232
v 0.133212 -0.092109 0.137232
v 0.135757 -0.092936 0.137232
v 0.133212 -0.092109 0.091820
v 0.135757 -0.092936 0.091820
v 0.163117 -0.000070 0.091820
v 0.165663 -0.000897 0.091820
vn -0.0000 -0.0000 -1.0000
vn -0.0000 -0.0000 1.0000
vn -0.3090 -0.9511 -0.0000
vn 0.3090 0.9511 -0.0000
vn 0.9511 -0.3090 -0.0000
vn -0.9511 0.3090 -0.0000
vt 0.000000 0.000000
vt 0.000000 0.000000
vt 0.000000 0.000000
vt 0.000000 0.000000
vt 0.000000 0.000000
vt 0.000000 0.000000
vt 0.000000 0.000000
vt 0.000000 0.000000
s 0
usemtl Material.011
f 38/38/25 37/37/25 39/39/25 40/40/25
f 34/34/26 33/33/26 35/35/26 36/36/26
f 36/36/27 35/35/27 37/37/27 38/38/27
f 39/39/28 33/33/28 34/34/28 40/40/28
f 40/40/29 34/34/29 36/36/29 38/38/29
f 37/37/30 35/35/30 33/33/30 39/39/30
o Cube.093
v -0.164723 0.003004 0.137473
v -0.162177 0.002177 0.137473
v -0.134817 0.095043 0.137473
v -0.132272 0.094216 0.137473
v -0.164723 0.003004 0.092060
v -0.162177 0.002177 0.092060
v -0.134817 0.095043 0.092060
v -0.132272 0.094216 0.092060
vn -0.9511 0.3090 -0.0000
vn 0.3090 0.9511 -0.0000
vn -0.0000 -0.0000 -1.0000
vn -0.3090 -0.9511 -0.0000
vn 0.9511 -0.3090 -0.0000
vn -0.0000 -0.0000 1.0000
vt 0.000000 0.000000
vt 0.000000 0.000000
vt 0.000000 0.000000
vt 0.000000 0.000000
vt 0.000000 0.000000
vt 0.000000 0.000000
vt 0.000000 0.000000
vt 0.000000 0.000000
s 0
usemtl Material.011
f 44/44/31 48/48/31 46/46/31 42/42/31
f 42/42/32 46/46/32 45/45/32 41/41/32
f 41/41/33 43/43/33 44/44/33 42/42/33
f 43/43/34 47/47/34 48/48/34 44/44/34
f 47/47/35 43/43/35 41/41/35 45/45/35
f 46/46/36 48/48/36 47/47/36 45/45/36
o Cube.108
v -0.136004 -0.095174 0.138374
v -0.133459 -0.094347 0.138374
v -0.165910 -0.003135 0.138374
v -0.163364 -0.002307 0.138374
v -0.136004 -0.095174 0.092962
v -0.133459 -0.094347 0.092962
v -0.165910 -0.003135 0.092962
v -0.163364 -0.002307 0.092962
vn 0.3090 -0.9511 -0.0000
vn -0.0000 -0.0000 -1.0000
vn -0.3090 0.9511 -0.0000
vn -0.0000 -0.0000 1.0000
vn -0.9511 -0.3090 -0.0000
vn 0.9511 0.3090 -0.0000
vt 0.000000 0.000000
vt 0.000000 0.000000
vt 0.000000 0.000000
vt 0.000000 0.000000
vt 0.000000 0.000000
vt 0.000000 0.000000
vt 0.000000 0.000000
vt 0.000000 0.000000
s 0
usemtl Material.011
f 53/53/37 54/54/37 50/50/37 49/49/37
f 53/53/38 55/55/38 56/56/38 54/54/38
f 52/52/39 56/56/39 55/55/39 51/51/39
f 51/51/40 49/49/40 50/50/40 52/52/40
f 53/53/41 49/49/41 51/51/41 55/55/41
f 50/50/42 54/54/42 56/56/42 52/52/42
o Cube.124
v 0.132663 0.094606 0.137591
v 0.135208 0.095433 0.137591
v 0.162568 0.002567 0.137591
v 0.165114 0.003394 0.137591
v 0.162568 0.002567 0.092178
v 0.165114 0.003394 0.092178
v 0.132663 0.094606 0.092178
v 0.135208 0.095433 0.092178
vn -0.0000 -0.0000 1.0000
vn -0.0000 -0.0000 -1.0000
vn 0.3090 -0.9511 -0.0000
vn -0.9511 -0.3090 -0.0000
vn 0.9511 0.3090 -0.0000
vn -0.3090 0.9511 -0.0000
vt 0.000000 0.000000
vt 0.000000 0.000000
vt 0.000000 0.000000
vt 0.000000 0.000000
vt 0.000000 0.000000
vt 0.000000 0.000000
vt 0.000000 0.000000
vt 0.000000 0.000000
s 0
usemtl Material.011
f 60/60/43 58/58/43 57/57/43 59/59/43
f 63/63/44 64/64/44 62/62/44 61/61/44
f 60/60/45 59/59/45 61/61/45 62/62/45
f 57/57/46 63/63/46 61/61/46 59/59/46
f 60/60/47 62/62/47 64/64/47 58/58/47
f 57/57/48 58/58/48 64/64/48 63/63/48
o Cube.148
v -0.052880 -0.156459 0.092383
v -0.051306 -0.154294 0.092383
v -0.052880 -0.156459 0.137796
v -0.051306 -0.154294 0.137796
v -0.131173 -0.099576 0.137796
v -0.129600 -0.097410 0.137796
v -0.131173 -0.099576 0.092383
v -0.129600 -0.097410 0.092383
vn -0.5878 -0.8090 -0.0000
vn -0.8090 0.5878 -0.0000
vn 0.5878 0.8090 -0.0000
vn -0.0000 -0.0000 1.0000
vn -0.0000 -0.0000 -1.0000
vn 0.8090 -0.5878 -0.0000
vt 0.000000 0.000000
vt 0.000000 0.000000
vt 0.000000 0.000000
vt 0.000000 0.000000
vt 0.000000 0.000000
vt 0.000000 0.000000
vt 0.000000 0.000000
vt 0.000000 0.000000
s 0
usemtl Material.011
f 71/71/49 65/65/49 67/67/49 69/69/49
f 70/70/50 72/72/50 71/71/50 69/69/50
f 72/72/51 70/70/51 68/68/51 66/66/51
f 69/69/52 67/67/52 68/68/52 70/70/52
f 65/65/53 71/71/53 72/72/53 66/66/53
f 66/66/54 68/68/54 67/67/54 65/65/54
o Cube.154
v 0.051318 0.154914 0.137901
v 0.052891 0.157079 0.137901
v 0.129611 0.098030 0.137901
v 0.131184 0.100195 0.137901
v 0.129611 0.098030 0.092488
v 0.131184 0.100195 0.092488
v 0.051318 0.154914 0.092488
v 0.052891 0.157079 0.092488
vn -0.0000 -0.0000 1.0000
vn -0.8090 0.5878 -0.0000
vn 0.8090 -0.5878 -0.0000
vn -0.0000 -0.0000 -1.0000
vn 0.5878 0.8090 -0.0000
vn -0.5878 -0.8090 -0.0000
vt 0.000000 0.000000
vt 0.000000 0.000000
vt 0.000000 0.000000
vt 0.000000 0.000000
vt 0.000000 0.000000
vt 0.000000 0.000000
vt 0.000000 0.000000
vt 0.000000 0.000000
s 0
usemtl Material.011
f 76/76/55 74/74/55 73/73/55 75/75/55
f 74/74/56 80/80/56 79/79/56 73/73/56
f 76/76/57 75/75/57 77/77/57 78/78/57
f 78/78/58 77/77/58 79/79/58 80/80/58
f 76/76/59 78/78/59 80/80/59 74/74/59
f 77/77/60 75/75/60 73/73/60 79/79/60
